1 foot

364

325

392

378

364

move back

2 foot
136
[27.7, 27.5, 27.8, 28.9, 29.6, 29.5, 29.7, 30.4, 30.7, 31.0, 31.5, 30.6, 29.9, 27.2, 26.8, 26.6, 26.7, 27.9, 29.0, 29.2, 30.3, 30.9, 32.8, 32.6, 33.2, 33.2, 33.3, 32.9, 30.8, 30.9, 29.4, 28.2, 26.5, 26.6, 27.8, 29.0, 30.3, 31.6, 33.3, 34.4, 34.5, 34.2, 34.6, 34.1, 33.0, 31.2, 31.5, 30.4, 28.8, 27.4, 26.2, 28.3, 30.3, 32.3, 35.0, 35.3, 34.8, 34.9, 35.2, 35.7, 35.0, 34.8, 33.6, 34.2, 31.3, 29.5, 26.8, 26.5, 28.0, 30.1, 32.8, 35.2, 34.8, 35.0, 34.8, 35.3, 35.3, 35.1, 35.0, 35.0, 35.0, 32.3, 28.6, 26.7, 26.2, 28.0, 29.7, 31.0, 34.1, 34.9, 34.8, 35.1, 35.2, 35.2, 34.7, 34.7, 34.1, 34.9, 30.9, 28.6, 26.7, 26.6, 27.7, 29.1, 31.7, 34.3, 34.2, 34.7, 34.5, 35.3, 35.1, 34.7, 34.1, 34.0, 34.2, 31.9, 28.8, 26.5, 26.7, 27.5, 28.7, 30.2, 30.7, 31.7, 32.1, 33.1, 33.2, 33.4, 30.7, 31.6, 30.7, 31.9, 31.4, 30.0, 26.4, 26.8]
153
[27.9, 28.3, 28.0, 27.9, 29.3, 29.6, 29.7, 30.2, 30.7, 30.8, 30.6, 30.3, 29.8, 27.7, 26.9, 27.1, 26.5, 28.1, 28.5, 28.3, 29.0, 29.8, 30.1, 29.7, 31.1, 31.7, 31.7, 32.2, 31.3, 30.7, 28.0, 26.9, 26.9, 26.7, 28.0, 29.0, 30.5, 30.5, 31.8, 33.9, 34.2, 34.1, 34.7, 34.4, 34.3, 31.2, 31.7, 30.7, 28.7, 26.5, 26.5, 28.6, 29.7, 31.0, 33.2, 33.3, 34.8, 35.1, 35.2, 35.1, 34.5, 34.7, 32.5, 32.6, 30.9, 29.3, 26.8, 26.7, 28.0, 29.8, 32.2, 35.2, 35.2, 35.2, 35.0, 34.8, 35.5, 35.1, 34.8, 35.3, 34.9, 32.5, 29.6, 26.8, 26.5, 27.6, 29.6, 32.0, 34.8, 35.0, 35.4, 35.2, 35.3, 35.9, 34.9, 35.3, 34.9, 35.3, 31.9, 29.9, 26.8, 26.9, 27.9, 29.2, 31.2, 34.2, 34.2, 34.5, 34.7, 35.5, 35.2, 34.8, 34.3, 33.8, 34.4, 32.1, 29.4, 26.9, 26.7, 28.3, 29.0, 31.1, 33.8, 33.9, 34.3, 34.5, 35.0, 35.1, 33.7, 33.5, 32.9, 33.4, 32.3, 30.3, 26.3, 26.7, 27.8, 28.7, 29.6, 30.4, 30.2, 30.7, 30.9, 33.1, 32.4, 30.3, 29.4, 29.4, 30.6, 31.3, 28.8, 26.6, 26.1]
128
[27.5, 27.9, 29.0, 29.2, 30.1, 29.5, 30.8, 31.4, 31.3, 31.5, 30.2, 30.4, 27.9, 26.8, 26.6, 26.5, 27.6, 28.5, 29.5, 30.0, 31.1, 31.3, 32.2, 32.4, 32.8, 32.6, 30.6, 30.7, 28.3, 28.1, 26.5, 26.4, 29.6, 30.5, 31.7, 33.4, 34.7, 34.8, 34.8, 35.5, 34.7, 34.4, 32.0, 32.0, 30.4, 28.8, 26.5, 26.6, 29.3, 31.5, 34.3, 34.6, 35.2, 35.1, 35.1, 35.3, 34.9, 34.8, 33.5, 33.2, 31.7, 28.7, 26.5, 25.9, 30.0, 31.8, 34.9, 34.7, 35.0, 34.8, 35.1, 35.0, 35.7, 35.1, 34.7, 35.1, 31.6, 29.5, 26.6, 26.5, 29.1, 31.5, 34.6, 35.0, 34.9, 35.5, 35.1, 35.3, 35.0, 35.2, 34.8, 34.7, 32.0, 28.6, 27.0, 26.5, 29.2, 30.2, 33.5, 33.9, 34.5, 34.6, 34.9, 34.7, 34.3, 33.1, 32.8, 33.6, 31.9, 29.4, 26.3, 26.6, 28.5, 31.1, 32.4, 32.3, 32.1, 33.5, 34.3, 34.0, 31.8, 31.8, 31.2, 32.0, 32.1, 30.0, 26.6, 26.6]
105
[28.5, 29.3, 30.0, 31.4, 32.2, 31.7, 33.4, 32.6, 33.3, 31.4, 31.2, 29.5, 28.4, 26.5, 26.4, 29.4, 31.9, 32.6, 35.3, 35.1, 35.5, 35.1, 35.3, 35.0, 32.6, 32.1, 31.6, 30.3, 26.7, 27.0, 30.9, 33.9, 34.8, 35.0, 35.4, 35.3, 35.7, 34.9, 34.8, 33.7, 33.8, 32.3, 30.4, 26.5, 26.6, 30.2, 34.9, 35.5, 35.3, 35.4, 35.4, 35.3, 35.3, 34.8, 35.3, 35.1, 33.1, 31.0, 26.5, 26.5, 30.1, 34.7, 35.0, 35.0, 35.1, 35.3, 35.4, 35.0, 35.3, 35.0, 35.0, 33.0, 30.5, 26.9, 26.6, 28.7, 33.2, 33.5, 34.2, 34.3, 34.9, 35.2, 33.8, 33.4, 32.7, 32.8, 32.9, 31.2, 26.7, 26.6, 29.0, 32.4, 31.9, 31.5, 32.3, 33.8, 34.2, 31.7, 30.9, 30.5, 30.9, 32.2, 31.2, 26.7, 26.7]
105
[27.7, 28.3, 29.2, 29.6, 30.8, 31.0, 32.0, 31.9, 32.8, 32.6, 31.4, 30.9, 28.6, 27.7, 26.9, 28.2, 28.2, 29.5, 30.9, 32.4, 32.8, 33.3, 34.5, 34.0, 34.4, 31.6, 31.4, 30.3, 28.8, 26.7, 28.7, 30.1, 33.8, 34.3, 35.2, 35.3, 35.4, 35.7, 35.0, 34.8, 33.2, 33.2, 32.1, 29.6, 26.7, 29.0, 30.3, 35.1, 35.4, 34.7, 34.8, 35.6, 35.7, 35.0, 34.7, 34.3, 34.6, 32.6, 30.8, 26.1, 28.3, 30.5, 34.9, 34.4, 34.6, 34.9, 35.4, 35.6, 35.1, 34.9, 34.8, 35.1, 33.1, 30.0, 26.6, 28.7, 29.1, 34.6, 34.5, 35.3, 34.8, 35.3, 35.2, 35.0, 34.6, 34.2, 34.4, 32.7, 30.5, 26.7, 27.9, 29.1, 32.8, 33.1, 32.9, 33.1, 34.5, 34.2, 32.7, 32.2, 31.5, 32.1, 33.0, 30.9, 27.2]
move back

3 foot
50
[29.1, 30.0, 32.0, 33.1, 32.6, 33.7, 31.5, 31.3, 27.3, 26.7, 30.2, 31.9, 34.1, 33.8, 34.8, 34.2, 33.0, 32.1, 27.6, 26.1, 30.7, 33.3, 34.4, 34.3, 34.8, 34.4, 34.4, 32.8, 27.9, 27.1, 30.0, 32.8, 33.1, 34.5, 33.8, 33.8, 33.0, 33.3, 28.4, 27.2, 29.2, 30.1, 30.3, 30.9, 31.8, 30.6, 31.0, 31.8, 28.3, 27.4]
50
[28.7, 30.9, 30.1, 32.5, 31.9, 32.7, 30.7, 29.0, 27.8, 26.8, 31.2, 33.6, 35.1, 34.7, 35.1, 34.4, 33.9, 31.2, 28.4, 26.5, 30.3, 34.9, 34.6, 34.8, 35.0, 34.9, 34.6, 31.1, 28.4, 26.7, 30.5, 32.9, 31.9, 34.3, 33.3, 32.9, 31.3, 31.5, 28.3, 26.1, 29.0, 30.0, 30.8, 32.4, 32.7, 30.2, 30.3, 29.7, 28.7, 26.7]
50
[27.7, 28.7, 29.2, 30.0, 30.2, 30.7, 30.5, 28.5, 27.1, 26.4, 28.8, 29.8, 30.1, 31.6, 32.3, 31.7, 30.7, 28.9, 27.6, 26.5, 29.9, 33.8, 34.3, 34.4, 34.5, 34.3, 33.3, 30.9, 29.0, 26.3, 30.8, 34.6, 34.3, 34.4, 35.0, 34.4, 34.3, 31.5, 28.6, 26.4, 29.6, 32.6, 32.7, 34.5, 34.3, 32.7, 32.1, 31.5, 29.2, 26.3]
50
[27.9, 29.1, 30.2, 31.2, 32.0, 32.6, 32.3, 30.9, 29.1, 27.2, 28.3, 30.2, 32.7, 33.4, 34.2, 34.3, 32.9, 32.4, 30.1, 27.6, 28.9, 31.7, 34.3, 34.5, 34.8, 34.7, 34.4, 33.9, 30.7, 27.9, 28.5, 31.4, 34.0, 33.9, 34.5, 34.7, 33.6, 33.6, 30.3, 28.3, 28.3, 30.6, 30.3, 30.0, 32.5, 32.1, 30.3, 30.4, 30.0, 28.2]
50
[28.2, 29.7, 30.3, 31.3, 32.1, 32.6, 32.1, 31.5, 28.8, 27.4, 29.0, 30.0, 32.5, 33.7, 34.7, 34.3, 32.8, 32.1, 29.8, 27.9, 29.1, 32.5, 34.6, 34.6, 35.0, 35.3, 34.3, 33.9, 31.0, 28.7, 29.2, 31.4, 34.4, 34.3, 34.8, 34.5, 34.0, 34.0, 30.9, 28.3, 28.3, 30.9, 30.6, 30.7, 32.5, 32.2, 30.1, 30.6, 30.6, 28.2]
move back


4 foot
21
[29.9, 34.3, 33.2, 33.8, 32.3, 27.8, 27.3, 31.7, 34.3, 34.3, 34.3, 33.4, 29.0, 26.8, 30.6, 31.4, 32.4, 31.2, 31.5, 28.1, 26.9]
21
[28.8, 31.2, 31.8, 32.7, 32.6, 29.8, 27.9, 29.8, 33.2, 34.0, 34.1, 34.0, 30.6, 28.0, 29.3, 32.6, 33.0, 33.3, 32.4, 30.3, 28.6]
28
[27.6, 29.1, 29.1, 30.1, 29.8, 27.3, 27.0, 29.4, 32.6, 32.8, 33.2, 33.0, 30.4, 27.3, 29.6, 33.5, 34.5, 34.2, 34.1, 31.1, 28.6, 29.6, 32.7, 32.1, 32.7, 31.3, 30.7, 28.0]
28
[27.4, 29.3, 29.4, 30.1, 30.4, 27.9, 26.8, 29.3, 33.0, 33.7, 33.9, 33.3, 30.9, 27.9, 30.1, 34.1, 34.3, 34.4, 34.1, 31.5, 28.9, 30.1, 31.9, 31.6, 32.7, 31.8, 30.5, 28.1]
28
[27.8, 29.0, 29.6, 30.1, 30.1, 28.1, 26.8, 29.9, 33.0, 33.7, 33.9, 33.6, 30.7, 27.6, 30.3, 34.2, 34.0, 33.8, 34.3, 30.9, 28.3, 29.9, 32.0, 31.7, 32.1, 30.9, 30.6, 28.6]
move back

5 foot
15
[29.8, 31.0, 31.5, 30.9, 27.2, 33.1, 33.2, 33.5, 32.5, 27.6, 31.5, 32.1, 32.1, 31.9, 28.7]
15
[30.6, 31.2, 32.0, 31.0, 27.4, 32.8, 33.4, 33.5, 32.9, 27.9, 32.0, 31.7, 32.4, 31.3, 28.4]
15
[30.9, 31.8, 32.1, 31.2, 27.5, 33.2, 34.0, 33.8, 32.9, 27.6, 32.0, 31.5, 31.3, 31.8, 28.6]
18
[28.1, 31.8, 32.3, 32.4, 31.5, 27.7, 28.7, 33.6, 33.9, 33.7, 33.1, 27.6, 28.5, 32.1, 31.7, 31.7, 32.0, 27.8]
15
[31.5, 32.3, 32.6, 31.4, 27.4, 33.3, 34.2, 33.7, 33.1, 27.7, 32.0, 31.4, 31.8, 31.5, 28.1]
move back

6 foot
8
[30.8, 32.6, 32.5, 28.2, 30.9, 32.6, 32.4, 28.9]
12
[28.5, 30.4, 29.9, 27.1, 31.7, 33.1, 32.5, 27.8, 30.9, 32.1, 32.2, 29.4]
12
[29.1, 30.7, 30.5, 27.5, 31.5, 33.3, 33.2, 28.2, 31.5, 32.2, 31.9, 29.3]
12
[28.8, 31.1, 30.7, 27.5, 31.4, 33.5, 32.9, 28.4, 30.8, 32.6, 32.0, 29.5]
15
[28.5, 29.0, 30.9, 31.1, 27.6, 29.6, 32.0, 33.2, 32.8, 28.4, 29.5, 30.9, 32.1, 32.1, 28.8]
move back
